82
4 6 8
4 13 10
4 14 11
4 20 9
4 28 5
4 30 6
4 41 2
4 47 3
4 31 8
4 42 3
4 8 15
4 23 7
4 21 4
17 2 3
17 6 4
17 13 13
17 14 50
17 20 18
17 28 22
17 30 11
17 41 22
17 31 15
17 42 7
17 23 8
17 21 2
13 9 40
13 2 6
13 20 6
13 28 7
13 30 10
13 41 8
13 31 5
13 42 2
13 23 4
13 21 1
14 54 18
14 43 6
14 37 15
19 31 9
19 23 20
27 9 10
21 2 2
21 6 3
21 13 2
21 14 1 
21 20 6
21 28 2
21 30 7
21 41 4
21 31 5
21 42 8
21 23 8
23 20 18
26 2 4
26 6 4
26 13 13
26 14 15
26 20 4
26 28 35
26 30 23
26 41 1
26 54 21
26 42 6
26 23 12
29 2 14
29 6 7
29 13 15
29 14 20
29 20 7
29 28 16
29 41 19
29 42 6
29 23 7
29 21 5
44 54 10
49 41 5
44 41 8
25 52 17
25 46 19
21 47 13
33 51 9
37 53 6