55 87
1 2 100 1
2 3 100 1
2 4 100 1
3 5 100 1
3 6 100 1
4 5 100 1
4 15 100 1
5 10 80 1
6 7 150 1
6 11 100 1
7 8 250 1
7 12 100 1
8 9 50 2
8 14 100 1
10 11 80 1
10 16 80 1
11 12 150 1
11 17 80 1
12 13 150 1
12 18 80 1
13 14 150 1
13 19 80 1
14 20 80 1
15 16 100 1
15 21 200 1
16 17 80 1
17 18 180 1
18 19 150 1
19 20 150 1
19 23 200 1
20 24 200 1
21 22 150 1
21 25 100 1
22 23 300 1
22 26 100 1
23 24 150 1
23 28 100 1
23 29 100 1
24 30 100 1
25 26 150 1
25 34 100 1
26 27 150 1
26 35 200 1
27 28 150 1
27 31 100 1
28 29 50 1
29 30 100 1
29 32 100 1
30 33 100 1
31 32 200 1
31 36 100 1
32 33 100 1
32 37 100 1
33 38 100 1
34 35 200 1
34 39 150 1
35 36 150 1
35 40 80 1
36 37 200 1
36 41 80 1
37 38 100 1
37 42 80 1
38 48 200 1
39 40 150 1
39 45 200 1
40 41 150 1
40 46 200 1
41 42 200 1
41 43 100 1
42 47 150 1
43 47 250 1
43 51 200 1
44 45 100 1
45 46 150 1
45 52 200 1
46 50 50 1
47 48 100 2
47 51 250 1
47 54 150 1
48 49 50 2
48 54 200 1
50 51 50 1
50 52 150 1
51 53 100 1
52 53 200 1
53 54 200 1
53 55 50 1